     Mg     Fe     Ca     Al     Si
        .000        .000        .000      48.885        .000
        .000        .000        .000        .000        .000
        .000        .000        .000        .000        .000
      48.885        .000        .000        .000        .000
        .000        .000        .000        .000        .000
  
     Mg     Fe     Ca     Al     Si
        .000        .000        .000        .000        .000
        .000        .000        .000        .000        .000
        .000        .000        .000        .000        .000
        .000        .000        .000        .000        .000
        .000        .000        .000        .000        .000
  
